971185683330207744
971167865444491264
971167712239026182
971167630194339840
971163934446309377
970649941176737794
969710223173804032
969213228252303361
969209911824605188
969032795874930688
971137721103249408
971137681500590080
971137276788072448
971137202393579520
971137182051299329
971195706240315392
971146207216140290
971128273718710273
971115984852520961
971115811682291716
971166567584157696
971166110778298373
971164792059846657
971164733972844549
971164333957898240
971195706240315392
971146207216140290
971128273718710273
971115984852520961
971115811682291716
971186612242698240
971185752456531969
971185663281455110
971185617131499522
971185526635204609
970304240911450112
969405251592732672
969403359588306945
968929939582889984
968841203729907713
971195417391181824
971195388098240512
971195366107504641
971195332112547840
971195293722120192
971182825440464896
971168792586997761
971168277257912320
971158138694008833
971156027667288065
971113606803804166
971113545130655744
971113452507926528
971113332055920640
971113165978324995
971059323169206272
969704840782757893
969690486960095232
969683867954167808
969617696164757510
971195467114602496
971194596519698433
971193159240708096
971192718868152321
971191415538556928
970689755150278656
969636975065038850
969589429601034240
969436200367992838
969348789952761857
971196422350626817
971196265433325569
971196107530424320
971194363513536512
971194203354140673
971155804752576513
971155798117244928
971155690344546307
971152732492099585
971152688384823297
971197887878221824
971197628179517440
971197205678841857
971197050489589762
971187788304527360
971161898262544385
971160588825935872
971160054291300352
971155560388153344
971154643337166848
971191799149678592
971191737577193472
971191669440876544
971191528487038976
971191343618969602
971168530048716801
971168501099528192
971158828388618240
971158794968461313
971158775536242689
971170300053282816
971169696534810624
971169616000008192
971169078780968960
971168802758017024
971051525286932480
971050931411345409
970088063010418690
970087685254610944
970082148018343936
970738588223668224
970738479176003584
970738424096460800
970738394514051077
970738334879371264
971180057426309120
971143004152127489
971142447907602432
971142142532956160
971141383716265984
971173688191176706
971173565251883008
971171373153431552
971171269461856257
971169340665090049
971183145587535872
971179459066941440
971179362778312704
971177618010705920
971177437915697153
971113005504172032
971112534173474817
971112411381092352
971087971322617856
971050343906897922
971101669047095300
971100669468925955
970983551708647424
970983203652726784
970982559273377792
971197629173510145
971197595828871168
971197336574681093
971196343741042689
971193997497700352
971197859335778304
971195519895654400
971191545687785472
971187504933040128
971185556733378561
971188840307286017
971157384046489600
971134815440461825
971134691536457728
971119550510100480
971196674986176512
971190213895745536
971017072141627393
971010777887969280
970868614067838976
969468699638890497
969468657813385216
969468617195696129
969468436593238016
969468387876331520
971166352420433920
971150351402352641
971149699825655808
971148010611654656
971147590543687680
971188662309449734
971187675725271040
970864343981096966
970855857801048064
970853749353844737
971185680423510016
971158128338366465
971126878059814912
971126159634321408
971123869187756032
971194247876661249
971192602912542720
971192425501818880
971192187726811136
971191641745838081
971146844511358976
971146471792959488
971146262757236736
971146063905218560
971145896158203905
971177667247661059
971170981942382594
971130800849682434
971004245041385472
970998369056325632
971172797719326720
971172679091810304
971172502993948672
971172160013090816
971172008720396288
971163212925333506
971163061800329216
971163011019927553
971162981005496321
971162924294295557
970920833446285312
970920774369456128
970920738176884736
970920683197919232
970920500850561024
971193739308929024
971193662523740160
971193495473086464
971193254577410054
971193060594941955
97114453605