984155961777672192,,
984155919016538112,,
984155855976189952,,
984155851048054784,,
984155849638604800,,
984155831091585025,,
984155828860149760,,
984155808412962817,,
984155805179109379,,
984155798178881537,,
984155798145306624,,
984155776976605184,,
984155765626748928,,
984155757791899649,,
984155750183424001,,
984155725994889225,,
984155722538717184,,
984155719263051776,,
984155682579632128,,
984155679454842880,,
984155676133019649,,
984155634789683200,,
984155633506291713,,
984155633367863297,,
984155632696807424,,
984155631245561856,,
984155613499461633,,
984155598357852160,,
984155584709779456,,
984155582629265408,,
984155572072271872,,
984155557492936704,,
984155552870748161,,
984155550979063808,,
984155511829483520,,
984155490727768064,,
984155481294999554,,
984155429960847361,,
984155409895346180,,
984155404627214337,,
984155393529171970,,
984155392275025921,,
984155373585162240,,
984155366467366912,,
984155345894309888,,
984155302269419522,,
984155246959190017,,
984155239090503681,,
984155233671671809,,
984155190923354114,,
984155172292177920,,
984155145008242689,,
984155126863663105,,
984155117787189259,,
984155019200139267,,
984155018113748993,,
984155015911804928,,
984155013424525315,,
984155012375957504,,
984154985171701760,,
984154949566320642,,
984154947670421504,,
984154941735354368,,
984154923813269504,,
984154904263569408,,
984154888211922947,,
984154867479531520,,
984154838782033920,,
984154826467692544,,
984154811980566530,,
984154773455859713,,
984154765801283586,,
984154754262683648,,
984154750097637376,,
984154738324160513,,
984154735748964352,,
984154732892688385,,
984154726349639682,,
984154713410109440,,
984154710440644613,,
984154707823341569,,
984154706456010752,,
984154699170566144,,
984154684469506048,,
984154677897031682,,
984154675091001346,,
984154662675808256,,
984154661476339712,,
984154661123915776,,
984154648230670336,,
984154642446782464,,
984154631344459776,,
984154601074065413,,
984154598427545606,,
984154574993920000,,
984154566525640706,,
984154552554307584,,
984154533927546880,,
984154524813324290,,
984154521407455232,,
