115181997
2177499732
267404928
781694196
2817636476
1522891783
8924002
3058220006
564742359
97036677
97034575
26028716
2963658772
1066909466
78110149
476294531
2415256698
1453695991
21720587
863602520
344384479
330550191
20647123
2159940866
20647123
20647123
715944876244865026
879338366608830464
930762200
192477353
984149659902980096
16379101
1707848838
2848847369
949817048770768896
984147997347868672
218080644
17948003
984151081369440257
2335734494
65218995
979644014
803583110
163970800
26252161
798251182242328576
53077115
806890212987179008
336063558
742014667971809280
19376255
560423171
277115905
2556313936
188341561
1707848838
2848847369
2513042384
355820674
45351643
977592082482319361
109369991
21280449
984152929891442690
61756593
760955172210126848
214192605
984147997347868672
215112498
23679123
329766269
329766269
766402149987287044
756108793
876858970387906560
129575352
78110149
271989352
3819025162
202458918
329766269
329766269
74463435
330738380
100832012
317987681
32791103
880226326833238016
1548589123
357539042
517125763
1239760741
619615459
1051222754
842841176
113679862
14455784
819553480197238785
1707848838
2848847369
