825567097757523968
8150742
213479353
541344037
958004068701622272
541344037
3067986663
890384829534961664
606301090
824411559405481985
2509295666
2421007278
930226031276982273
34451177
203872812
766754180748816384
891037630166708224
3409294573
193070651
281687769
2871895834
143226112
889900758040227840
3492746355
726792223686270976
96443670
496256531
34235533
2900139381
822838646461976576
267394180
754077806410293253
760962078349852672
39294556
24780624
15973610
2454112754
35853655
156836248
23859023
90182089
4902016168
826466420129202179
306412713
765213068
968234420804177922
263742575
18787613
716202792491220993
787738178140667905
758433223550525442
306412713
826466420129202179
50198241
3110461544
811209924470538240
422974854
824298716710445057
32925016
242825625
824298716710445057
33629859
2314856612
824298716710445057
21268036
32925016
826085385499447296
2314856612
821536540191059969
809054321899962368
22424013
855053131
612347874
493285723
863261364877377536
272097020
232748891
871757097859334149
889900758040227840
356374205
358178596
882357482454228996
198327794
838960968143110146
2493574172
739528245155106817
2920868647
573938274
898184426655551489
3433805284
595684176
441196417
721396520390651904
318141038
822668168493576192
112639899
706862367276019713
942935868054130688
28993948
512339704
